58 60 61 62
0
1 0 0 0 0 1 0 1 0 1 0 1 1 1 1 1 1 1 1 1 0 0 1 1 0 1 0 0 0 1 1 0 0 1 1 1 1 0 0 1 0 0 0 1 1 1 1 0 1 0 0 1 0 1 1 0 1 0 0 1 0 0 0 0
2
1 1 0 1 1 0 0 1 1 1 1 1 0 0 1 0 1 1 0 0 1 1 1 1 0 1 0 1 0 0 1 0 0 1 0 0 1 0 1 0 0 0 0 1 0 1 0 1 0 0 0 0 1 1 0 1 0 1 0 1 0 0 1 0
4
0 0 0 1 0 0 0 1 0 1 1 1 0 0 1 1 0 1 0 0 1 0 1 1 1 0 1 0 0 1 1 0 0 0 0 1 0 0 0 1 0 1 0 0 1 1 0 1 1 0 1 1 0 0 0 0 0 0 0 1 0 1 0 0
6
0 1 0 0 1 1 0 1 1 1 0 1 1 1 1 0 0 1 1 1 0 1 1 1 1 0 1 1 0 0 1 0 0 0 1 0 0 0 1 0 0 1 0 0 0 1 1 0 0 0 1 0 1 0 1 1 1 1 0 1 0 1 1 0
8
0 0 1 1 0 0 0 0 1 1 0 1 1 1 1 0 1 1 1 0 0 0 1 0 1 0 1 0 0 0 1 1 0 1 0 1 1 0 0 0 0 1 1 1 1 1 1 0 1 1 0 0 0 1 0 1 0 1 0 1 1 0 0 0
10
0 1 1 0 1 1 0 0 0 1 1 1 0 0 1 1 1 1 0 1 1 1 1 0 1 0 1 1 0 1 1 1 0 1 1 0 1 0 1 1 0 1 1 1 0 1 0 1 0 1 0 1 1 1 1 0 1 0 0 1 1 0 1 0
12
1 0 1 0 0 1 0 0 1 1 1 1 0 0 1 0 0 1 0 1 1 0 1 0 0 1 0 0 0 0 1 1 0 0 1 1 0 0 0 0 0 0 1 0 1 1 0 1 1 1 1 0 0 0 1 1 1 1 0 1 1 1 0 0
14
1 1 1 1 1 0 0 0 0 1 0 1 1 1 1 1 0 1 1 0 0 1 1 0 0 1 0 1 0 1 1 1 0 0 0 0 0 0 1 1 0 0 1 0 0 1 1 0 0 1 1 1 1 0 0 0 0 0 0 1 1 1 1 0
32
1 0 1 0 1 1 0 1 1 1 0 1 0 0 0 1 1 1 0 1 1 1 1 0 1 0 0 1 0 1 1 0 0 0 1 1 0 0 1 1 1 1 0 1 1 1 1 1 0 0 1 1 1 0 1 1 1 1 1 1 0 0 0 0
34
1 1 1 1 0 0 0 1 0 1 1 1 1 1 0 0 1 1 1 0 0 0 1 0 1 0 0 0 0 0 1 0 0 0 0 0 0 0 0 0 1 1 0 1 0 1 0 0 1 0 1 0 0 0 0 0 0 0 1 1 0 0 1 0
36
0 0 1 1 1 0 0 1 1 1 1 1 1 1 0 1 0 1 1 0 0 1 1 0 0 1 1 1 0 1 1 0 0 1 0 1 1 0 1 1 1 0 0 0 1 1 0 0 0 0 0 1 1 1 0 1 0 1 1 1 0 1 0 0
38
0 1 1 0 0 1 0 1 0 1 0 1 0 0 0 0 0 1 0 1 1 0 1 0 0 1 1 0 0 0 1 0 0 1 1 0 1 0 0 0 1 0 0 0 0 1 1 1 1 0 0 0 0 1 1 0 1 0 1 1 0 1 1 0
40
0 0 0 1 1 0 0 0 0 1 0 1 0 0 0 0 1 1 0 0 1 1 1 1 0 1 1 1 0 0 1 1 0 0 0 1 0 0 1 0 1 0 1 1 1 1 1 1 0 1 1 0 1 0 0 0 0 0 1 1 1 0 0 0
42
0 1 0 0 0 1 0 0 1 1 1 1 1 1 0 1 1 1 1 1 0 0 1 1 0 1 1 0 0 1 1 1 0 0 1 0 0 0 0 1 1 0 1 1 0 1 0 0 1 1 1 1 0 0 1 1 1 1 1 1 1 0 1 0
44
1 0 0 0 1 1 0 0 0 1 1 1 1 1 0 0 0 1 1 1 0 1 1 1 1 0 0 1 0 0 1 1 0 1 1 1 1 0 1 0 1 1 1 0 1 1 0 0 0 1 0 0 1 1 1 0 1 0 1 1 1 1 0 0
46
1 1 0 1 0 0 0 0 1 1 0 1 0 0 0 1 0 1 0 0 1 0 1 1 1 0 0 0 0 1 1 1 0 1 0 0 1 0 0 1 1 1 1 0 0 1 1 1 1 1 0 1 0 1 0 1 0 1 1 1 1 1 1 0
622661859 350567061 1297910728 524684475 2725899646 2935770219 1812441869 3217243374 3290046963 1764366396 4193447546 4019303240 4125945795 825846227 3780631842 804905340 7034123 3505349274 2594324172 2356273228 1627107807 2370029091 1283522798 3265701742 1255646632 3854151154 3547179237 2090811635 3020927704 2559745496 1362946964 1309591268 3811808121 916022724 1161223940 3038855055 3526310054 2545259095 3427661390 3575409384 0 2922341413 0 0 0 0 790685759 1464443478 3827160075 752708409 666957140 3146259366 3830399072 4001270312 2361231753 1910472243 3418522944 903690205 0 821523172 0 0 0 0
1331953318 1448564583 2828022273 2405411340 3962788594 3323611617 3675134477 3197772581 3812295081 3117646719 1966957927 113493933 654062228 2676268996 1286360965 2940998953 742978470 1698114208 2611501024 4267164851 3642528047 156275558 2132626912 85174182 884811815 2122298987 4082191220 2674076380 3218787377 344116123 147063968 3588669281 2597719454 2174135018 1109767471 1193236537 1240212056 3155851124 2238659337 4121199943 263200 2106770561 256 128 64 33 198674274 1286833448 1607171257 916154097 2950819341 474389299 2216310846 2006784232 3984358719 658027881 2858582677 3962594450 0 2315713777 0 0 0 1
